8665275
8661554
8630306
8612864
8609990
8608628
8602048
8601621
8598217
8588876
8588327
8584173
8583656
8573082
8563285
8563183
8562462
8561447
8558721
8557722
8548076
8540965
8540204
8528800
8528043
8514064
8495141
8491140
8477447
8475578
8455369
8433472
8433470
8422097
8421551
8421521
8420890
8411136
8410050
8406199
8405459
8404177
8404135
8394099
8388984
8387004
8370619
8369453
8361393
8347241
8343416
8326151
8300006
8299730
8299402
8297943
8293619
8292197
8291797
8286448
8286149
8285873
8274154
8269486
8269354
8267980
8267938
8262464
8255409
8251948
8251942
8250407
8241401
8239621
8239231
8233719
8229947
8229627
8228915
8225784
8224407
8220640
8215634
8214431
8213646
8195271
8191163
8168077
8156822
8146879
8140762
8139500
8139258
8139118
8139116
8131542
8131457
8131155
8130799
8129467
8128281
8126338
8123224
8123207
8117925
8117604
8117459
8117253
8117234
8117168
8117159
8117126
8117111
8117018
8116991
8116948
8116914
8116887
8116847
8116818
8116740
8116728
8116695
8116660
8116647
8116628
8116442
8116358
8109857
8109791
8100717
8100647
8100192
5917527
8070137
8069915
8064431
8056756
8055337
8012013
8006317
8001649
8001211
7994853
7975540
7969053
7955452
7945032
7944599
7931354
7913176
7907418
7900514
7899570
7886825
7869626
7867738
7867673
7862237
7858074
7852436
7847353
7845718
7845675
7842154
7841861
7841704
7839768
7826154
7823091
7812774
7809939
7799430
7799282
7799224
7799221
7799167
7798987
7798981
7798811
7798366
7797853
7797738
7793760
7792959
7792129
7787868
7778857
7769079
7763695
7756018
7753711
7753672
7753653
7753582
7753570
7753556
7753542
7753525
7753522
7753515
7753509
7745448
7737599
7734922
7733793
7733629
7733316
7732412
7732155
7729622
7728769
7719426
7718269
7717450
7717446
7706347
7691058
7683346
7679740
7674543
7674085
7667057
7666482
7654608
7654588
7654452
7642918
7620462
7614669
7604040
7590623
7556843
7556824
7551587
7551207
7491565
7491116
7485013
7477003
7476898
7471497
7467005
7461929
7461230
7460888
7459800
7448566
7448536
7448194
7447962
7443013
7428492
7427540
7415153
7414067
7409848
7409836
7408776
7404795
7403198
7376436
7370874
7370135
7362142
7362075
7362048
7361647
7354568
7354542
7352082
7352073
7351995
7351703
7351663
7351608
7351584
7351482
7351318
7350715
7350690
7350663
7350638
7350177
7350160
7349903
7349753
7346747
7346732
7346708
7346324
7344669
7344469
7339573
7331863
7315016
7310819
7310817
7310810
7310809
7310808
7310807
7310806
7310801
7310794
7310423
7310419
7302501
7301974
7301972
7301968
7301704
7301698
7296512
7286716
7286697
7286534
7286508
7286506
7285873
7285845
7285793
7285753
7284506
7284238
7284230
7252261
7243358
7242021
7238028
7237295
7234517
7228682
7225391
7206615
7202524
7202512
7202495
7161558
7153590
7153049
7148129
7148104
7147671
7147356
7147342
7147239
7147225
7147220
7147197
7147190
7147138
7147137
7147025
7147022
7146984
7146945
7146934
7146929
7146865
7146850
7146792
7146733
7146711
7146710
7146689
7146674
7146614
7146476
3541869
7139380
7139263
7139238
7139102
7138970
7138953
7138941
7138914
7134241
7132541
7120355
7107156
7103368
7102661
7077048
7059586
7059575
7059550
7059534
7059142
7059139
7059009
7058933
7058908
7058876
7058840
7058821
7058663
7058662
7058404
7058395
7058338
7058302
7058295
7058276
7058187
7048872
7048038
7047847
7042529
7026792
6996243
6990186
6967891
6957541
6957437
6957021
6956948
6952749
6952717
6952703
6952668
6952637
6936876
6934313
6931854
6931841
6924924
6924000
6900882
6900668
6896569
6885502
6880059
6855337
6833814
6827685
6820324
6820114
6819451
6814725
6814307
6809912
6809589
6806364
6802888
6800660
6799648
6798896
6780846
6779115
6762188
6756445
6756428
6756059
6734011
6726855
6721542
6717662
6713272
6713129
6696654
6690623
6685987
6685534
6680561
6680158
6679157
6664345
6662888
6639128
6638454
6617503
6617111
6610246
6605590
6592910
6584071
6571484
6559669
6559641
6543644
6543040
6537311
6533970
6523075
6522599
6522274
6519151
6518747
6505516
6501099
6500582
6496364
6489823
6489151
6488188
6483869
6470256
6470027
6469952
6469837
6469681
6469648
6464617
6464040
6462210
6457912
6457409
6456929
6451504
6441063
6437774
6433573
6412915
6403448
6402935
6402933
6402154
6402121
6397777
6384354
6373574
6325320
6304261
6272792
6272619
6272433
6272290
6272222
6272150
6272061
6272002
6266141
6261345
6261339
6259375
6255680
6255634
6255558
6255455
6250525
6250276
6236736
6236068
6220695
6219744
6211119
6209995
6207653
6185778
6183380
6170498
6164292
6147448
6137743
6131473
6130407
6122616
6122612
6102430
6071389
6059820
6048198
6048166
6040271
6039781
6036407
6024614
6019500
6018519
6006712
6006711
6006627
6006611
6006232
6004878
6004760
5982888
5981468
5981344
5978839
5970556
5966413
5964654
5964571
5943173
5937721
5937717
5937702
5937694
5881563
5860603
5859675
5849721
5849716
5849665
5849627
5849001
5843360
5842756
5839101
5838001
5837764
5837430
5837056
5836689
5828210
5810295
5809161
5803704
5803010
5802730
5802700
5802689
5802529
5802401
5802283
5802276
5802262
5800247
5799095
5798047
5790492
5790256
5789673
5785324
5763538
5758721
5757340
5753639
5753587
5753440
5751903
5741511
5721591
5716812
5715862
5715385
5710435
5708849
5708186
5701437
5679366
5666979
5644462
5633450
5632161
5628165
5627108
5624047
5623623
5623495
5622113
5621568
5620629
5618847
5618001
5616923
5616784
5598764
5595205
5589820
5584128
5575297
5571816
5571461
5566984
5566856
5566602
5562728
5562313
5562191
5557196
5529973
5524787
5524370
5492759
5481934
5466166
5465104
5436133
5430899
5423978
5422800
5417313
5411445
5402811
5393726
5367023
5345895
5345764
5345751
5335603
5330608
5304550
5284078
5283564
5283315
5283306
5277565
5273886
5268131
5265338
5260180
5259342
5258796
5258791
5258789
3586184
5227682
5223428
5217512
5217498
5212407
5210759
5205960
5199566
5199467
5193502
5193032
5192261
5182653
5182500
5177479
5176975
5172681
5172273
5165869
5157058
5155806
5155298
5155158
5155157
5140030
5139685
5136859
5136849
5131823
5130088
5130074
5126772
5125157
5121388
5120922
5118969
5107250
5099500
5097886
5087069
5086193
5085636
5082429
5082368
5081732
5068851
5055728
5050238
5049698
5046032
5036221
5022529
5005412
5005386
5005363
5005338
5005334
5005328
5005326
5005323
5004921
5004848
5004835
5004801
5004747
5004714
5004703
5004543
5004464
5004422
5004363
5004182
5004076
5004031
5004019
5004000
5003947
5003936
5003910
5003792
4999560
4999484
4998539
4998033
4982607
4982606
4976173
4976056
4976007
4975987
4955070
4955044
4954993
4954796
4950636
4944689
4939878
4935848
4935585
4916243
4916149
4898153
4896597
4894059
4893520
4892976
4892878
4892395
4889116
4888870
4888853
4888830
4888372
4887714
4872132
4872042
4871930
4870508
4852840
4852724
4851077
4846060
4844530
4838930
4836476
4835931
4831575
4831490
4831411
4830371
4820591
4820216
4812360
4806007
4799524
4760817
4756618
4750196
4742799
4741586
4741570
4740431
4738300
4736939
4732438
4732386
4716696
4716670
4714850
4706797
4706563
4706402
4706284
4705539
4705089
4700138
4694629
4677877
4673596
4663283
4662850
4651046
4640231
4628989
4591053
4583642
4581651
4556362
4551790
4551768
4546773
4545631
4545410
4541394
4537461
4536403
4524375
4523676
4510144
4510142
4510136
4510122
4501909
4501678
4488119
4487323
4471914
4456604
4455900
4438776
4423017
4418676
4418376
4395658
4394786
4392914
4392755
4388112
4382937
4382673
4378332
4377709
4370436
4367719
4367672
4367661
4367604
4367463
4367411
4367379
4367367
4367330
4361756
4359221
4355083
4354307
4349717
4348929
4308515
4298114
4297942
4293850
4289052
4289049
4289048
4289045
4289042
4289033
4285731
4284464
4270088
4269246
4268862
4268842
4268783
4267818
4265704
4265257
4264930
4264929
4264928
4264927
4264926
4264925
4264924
4264921
4264920
4264919
4264918
4264917
4264915
4264914
4264913
4264908
4264907
4264906
4264904
4264903
4264902
4264901
4264900
4242757
4242635
4242232
4242224
4242150
4242091
4241972
4241915
4235005
4235004
4235002
4235001
4234891
4229848
4222092
4209138
4207976
4191753
4188855
4177072
4173376
4164834
4164832
4164307
4164229
4164215
4160865
4158883
4155520
4155453
4153765
4150461
4141914
4141466
4140250
4140231
4140176
4140175
4140108
4140062
4139856
4122062
4102153
4102151
4102113
4102107
4102040
4102027
4102022
4100330
4100324
4100321
4100320
4100318
4097842
4095295
4095294
4095293
4095292
4095275
4095159
4095154
4095153
4095150
4090223
4089908
4089886
4089339
4089332
4089282
4089247
4088628
4088412
4088343
4088309
4085373
4084890
4083554
4071987
4071972
4071799
4071758
4071745
4071589
4071406
4070926
4070582
4064899
4064865
4064214
4061524
4061489
4060727
4060475
4060340
4060028
4059407
4050113
4048843
4045922
4045917
4039773
4039751
4039726
4039261
4039260
4039259
4039256
4039255
4039252
4039251
4039250
4039052
4038664
4038619
4038531
4038240
4038142
4038113
4038013
4037976
4037877
4037872
4037789
4037769
4037727
4037683
4037525
4034419
4034311
4034260
4034209
4032148
4028189
4027636
4026131
4019739
4019237
4015678
4015076
4014653
4014417
4014090
4014019
4014013
4013994
4013977
4013975
4013960
4013553
4010855
4010507
4010442
4010228
4010227
4010150
4010128
4009659
4009518
4009444
4009357
4009356
4009154
4008905
4008650
4004725
4004393
4004043
4004021
4003917
3991601
3965441
3959926
3958325
3957527
3956901
3954521
3954502
3942961
3935077
3932494
3893452
3892591
3892198
3887671
3887620
3882988
3882317
3882167
3881665
3881537
3881427
3873931
3873926
3864066
3861099
3860677
3860676
3860673
3860671
3860670
3860669
3860666
3860665
3860664
3860663
3860442
3856423
3855823
3855657
3851505
3835632
3835409
3824451
3824039
3801097
3777203
3777155
3762283
3760654
3752603
3751881
3749608
3749607
3748721
3748006
3740585
3740394
3740194
3738051
3735316
3725392
3725066
3724946
3724863
3724733
3724477
3724261
3709337
3708895
3708505
3704687
3704685
3704682
3704555
3704495
3704379
3695432
3694710
3694694
3694135
3694080
3693650
3693543
3691456
3691450
3691444
3691437
3691429
3691416
3691378
3691375
3691347
3691328
3691325
3691318
3691310
3691062
3691061
3687081
3684659
3684294
3684274
3684247
3684208
3683594
3683544
3683200
3682755
3682733
3682726
3682306
3682115
3679797
3678333
3678097
3678006
3677898
3677876
3677811
3677704
3677636
3677596
3677558
3677456
3677392
3677359
3677178
3673997
3673541
3672801
3672197
3670101
3662306
3655686
3654614
3651625
3651243
3651175
3651137
3650203
3639182
3635202
3634941
3634661
3634630
3618702
3618695
3618694
3618678
3618243
3613494
3613422
3588521
3585988
3585947
3579333
3579256
3578461
3575739
3575642
3575630
3575505
3575500
3575477
3575467
3575453
3575438
3575425
3552523
3545831
3542189
3541893
3541423
3541422
3541421
3541420
3541419
3541418
3541417
3541415
3539125
3538607
3538557
3538502
3538425
3538419
3538415
3538016
3537894
3535653
3535631
3535615
3535568
3534493
3513512
3512061
3512044
3502903
3497718
3497670
3497638
3497611
3497608
3497607
3497605
3481817
3480926
3480925
3480924
3480923
3480922
3480921
3476062
3432489
3417956
3412274
3406991
3406905
3401657
3397738
3397732
3397582
3397579
3397572
3397527
3397504
3397250
3397249
3397246
3393333
3393312
3393244
3392917
3392743
3392736
3388443
3388428
3388338
3388295
3388174
3387383
3387377
3366985
3361215
3357306
3357024
3357022
3356998
3356987
3356938
3356894
3356661
3356501
3356452
3356442
3356428
3356394
3356379
3355099
3345280
3340425
3329301
3322523
3322497
3321424
3320650
3316298
3316097
3315818
3315774
3315758
3315385
3315080
3314597
3312269
3312218
3311942
3311848
3311836
3311619
3309794
3295195
3294465
3294442
3294396
3294379
3294344
3290836
3290149
3270888
3237441
3228638
3207681
3205762
3205735
3205727
3205723
3205693
3205681
3205669
3204980
3204849
3193832
3193824
3193624
3193616
3193607
3193603
3193590
3193534
3193499
3193494
3193466
3193459
3193446
3193428
3193394
3193375
3193327
3193320
3193299
3193282
3193273
3193247
3146787
3146726
3146594
3146407
3146365
